sat  year  month  day  UT_h  UT_m  UT_s  RA_h  RA_m  RA_s  RA_SEM  DEC_deg  DEC_arcm  DEC_arcs  DEC_SEM  epoch  ref_catalog  Obs_code
u4  2007  12  20  15  45  0.0022  23  5  45.619  0.028  -6  37   25.33  0.036  J2000  UCAC4  84
u3  2007  9  30  20  53  0.269  23  8  54.491  0.035  -6  21   43.578  0.041  J2000  UCAC4  84
u4  2007  9  30  20  53  0.269  23  8  53.418  0.033  -6  20   47.904  0.024  J2000  UCAC4  84
u3  2007  9  30  21  4  0.9351  23  8  54.422  0.018  -6  21   43.96167  0.052  J2000  UCAC4  84
u4  2007  9  30  21  4  0.9351  23  8  53.344  0.047  -6  20   48.15333  0.061  J2000  UCAC4  84
u3  2007  11  4  18  34  0.6225  23  5  19.906  0.007  -6  43   3.685  0.018  J2000  UCAC4  84
u4  2007  11  24  17  29  0.4707  23  4  41.707  0.013  -6  44   59.274  0.031  J2000  UCAC4  84
u2  2008  1  5  14  53  0.6012  23  7  26.104  0.06  6  27   5.782  0.141  J2000  UCAC4  84
u3  2008  1  5  14  53  0.6012  23  7  26.128  0.029  6  27   10.064  0.085  J2000  UCAC4  84
u4  2008  1  5  14  53  0.6012  23  7  25.172  0.061  6  26   11.916  0.027  J2000  UCAC4  84
u4  2008  9  10  22  40  0.1124  23  26  50.991  0.022  4  27   57.258  0.04  J2000  UCAC4  84
u3  2008  9  24  22  9  0.6083  23  24  47.006  0.06  4  40   3.024  0.054  J2000  UCAC4  84
u4  2008  9  24  22  9  0.6083  23  24  47.954  0.023  4  40   53.804  0.043  J2000  UCAC4  84
u3  2008  9  25  21  46  0.355  23  24  38.303  0.02  4  40   45.496  0.042  J2000  UCAC4  84
u4  2008  9  25  21  46  0.355  23  24  39.26  0.02  4  41   32.736  0.031  J2000  UCAC4  84
u3  2008  10  5  21  5  0.7825  23  23  15.704  0.047  4  49   31  0.018  J2000  UCAC4  84
u4  2008  10  5  21  5  0.7825  23  23  16.766  0.038  4  50   28.872  0.042  J2000  UCAC4  84
u4  2008  10  7  20  57  0.7704  23  23  1.222  0.069  4  52   7.744  0.09  J2000  UCAC4  84
u2  2008  11  17  18  9  0.6788  23  19  29.266  0.155  5  12   13.798  0.13  J2000  UCAC4  84
u3  2008  11  17  18  9  0.6788  23  19  29.04  0.032  5  12   2.894  0.058  J2000  UCAC4  84
u4  2008  11  17  18  9  0.6788  23  19  30.169  0.044  5  13   2.69  0.091  J2000  UCAC4  84
u2  2009  8  16  0  43  0.5336  23  45  29.001  0.07  2  26   33.984  0.112  J2000  UCAC4  84
u4  2009  8  21  0  23  0.6613  23  44  51.823  0.049  2  29   48.266  0.052  J2000  UCAC4  84
u1  2009  8  22  0  17  0.9333  23  44  44.81  0.218  2  30   54.388  0.106  J2000  UCAC4  84
u3  2009  8  22  0  17  0.9333  23  44  44.848  0.029  2  30   41.596  0.036  J2000  UCAC4  84
u4  2009  9  2  23  29  0.7881  23  43  7.899  0.025  2  41   6.05  0.049  J2000  UCAC4  84
u2  2009  9  17  22  32  0.2374  23  40  58.526  0.074  2  56   2.372  0.17  J2000  UCAC4  84
u3  2009  9  17  22  32  0.2374  23  40  57.774  0.022  2  55   16.612  0.039  J2000  UCAC4  84
u4  2009  9  20  22  20  0.769  23  40  32.354  0.018  2  59   13.44  0.028  J2000  UCAC4  84
u3  2009  9  25  21  51  0.8266  23  39  47.766  0.024  3   2   52.81  0.025  J2000  UCAC4  84
u4  2009  10  6  21  22  0.7388  23  38  15.739  0.057  3  13   41.29  0.056  J2000  UCAC4  84
u1  2009  10  8  21  6  0.3834  23  37  58.628  0.182  3  14   40.138  0.066  J2000  UCAC4  84
u2  2009  10  8  21  6  0.3834  23  37  59.193  0.102  3  15   10.012  0.058  J2000  UCAC4  84
u3  2009  10  8  21  6  0.3834  23  37  59.173  0.034  3  15   15.236  0.032  J2000  UCAC4  84
u3  2009  10  30  19  41  0.9513  23  35  26.83  0.063  3  30   9.292  0.09  J2000  UCAC4  84
u4  2009  10  30  19  41  0.9513  23  35  27.573  0.054  3  31   4.884  0.061  J2000  UCAC4  84
u3  2009  10  9  21  4  0.6545  23  37  51.474  0.072  3  16   12.066  0.079  J2000  UCAC4  84
u2  2009  10  31  19  30  0.5921  23  35  21.415  0.16  3  30   49.464  0.1  J2000  UCAC4  84
u3  2009  10  31  19  30  0.5921  23  35  21.175  0.035  3  30   37.928  0.017  J2000  UCAC4  84
u4  2009  10  31  19  30  0.5921  23  35  22.395  0.032  3  31   46.348  0.045  J2000  UCAC4  84
u3  2009  11  3  19  18  0.5243  23  35  6.435  0.034  3  33   1.574  0.038  J2000  UCAC4  84
u4  2009  11  3  19  18  0.5243  23  35  6.743  0.038  3  32   57.918  0.053  J2000  UCAC4  84
u3  2009  11  5  19  14  0.065  23  34  57.145  0.039  3  34   3.106  0.05  J2000  UCAC4  84
u4  2009  11  5  19  14  0.065  23  34  56.462  0.071  3  33   19.718  0.07  J2000  UCAC4  84
u4  2009  12  16  16  32  0.5631  23  34  12.82  0.045  3  36   8.648  0.098  J2000  UCAC4  84
u3  2009  12  17  16  26  0.4302  23  34  16.286  0.03  3  36   37.864  0.047  J2000  UCAC4  84
u4  2009  12  17  16  26  0.4302  23  34  15.375  0.062  3  35   37.762  0.076  J2000  UCAC4  84
u1  2009  12  19  16  18  0.7858  23  34  22.415  0.116  3  35   40.428  0.189  J2000  UCAC4  84
u3  2009  12  19  16  18  0.7858  23  34  22.654  0.009  3  35   46.814  0.086  J2000  UCAC4  84
u4  2009  12  19  16  18  0.7858  23  34  21.446  0.023  3  34   55.666  0.027  J2000  UCAC4  84
u4  2010  8  17  0  53  0.572  0  0  20.686  0.048  0  48   9.524  0.054  J2000  UCAC4  84
u2  2010  8  20  0  42  0.9212  0  0  1.279  0.052  0  51   21.63  0.097  J2000  UCAC4  84
u3  2010  8  20  0  42  0.9212  0  0  1.614  0.016  0  51   27.938  0.019  J2000  UCAC4  84
u4  2010  8  20  0  42  0.9212  0  0  0.059  0.026  0  50   44.782  0.044  J2000  UCAC4  84
u1  2010  9  9  23  13  0.3586  23  57  16.142  0.112  -1   9   25.62  0.035  J2000  UCAC4  84
u2  2010  9  9  23  13  0.3586  23  57  16.418  0.036  -1   9   30.33  0.162  J2000  UCAC4  84
u3  2010  9  9  23  13  0.3586  23  57  15.451  0.025  -1   8   43.354  0.028  J2000  UCAC4  84
u3  2010  10  6  21  30  0.5608  23  53  20.168  0.054  -1  34   9.588  0.042  J2000  UCAC4  84
u2  2010  10  10  21  15  0.2001  23  52  47.288  0.278  -1  37   48.574  0.231  J2000  UCAC4  84
u3  2010  10  10  21  15  0.2001  23  52  48.29  0.014  -1  38   34.688  0.049  J2000  UCAC4  84
u4  2010  10  10  21  15  0.2001  23  52  46.864  0.016  -1  37   26.256  0.078  J2000  UCAC4  84
u4  2010  10  10  21  15  0.2001  23  52  46.864  0.016  -1  37   26.256  0.078  J2000  UCAC4  84
u4  2010  1  1  15  39  0.3256  23  35  19.627  0.087  3  28   4.002  0.072  J2000  UCAC4  84
u2  2010  10  18  20  42  0.7849  23  51  44.616  0.164  1  44   26.03  0.1  J2000  UCAC4  84
u3  2010  10  18  20  42  0.7849  23  51  45.34  0.033  1  45   13.328  0.042  J2000  UCAC4  84
u4  2010  10  18  20  42  0.7849  23  51  45.728  0.044  1  45   14.014  0.043  J2000  UCAC4  84
u3  2011  10  9  21  28  0.8148  0  8  1.408  0.03  0   1   31.926  0.024  J2000  UCAC4  84
u4  2011  10  9  21  28  0.8148  0  8  0.515  0.016  0   2   29.852  0.023  J2000  UCAC4  84
u3  2011  10  5  21  42  0.5021  0  8  35.611  0.033  0   5   58.402  0.03  J2000  UCAC4  84
u2  2011  9  4  23  50  0.6402  0  13  3.588  0.067  0  34   13.312  0.082  J2000  UCAC4  84
u3  2011  9  4  23  50  0.6402  0  13  3.288  0.024  0  34   11.634  0.049  J2000  UCAC4  84
u4  2011  9  4  23  50  0.6402  0  13  3.949  0.01  0  33   51.22  0.008  J2000  UCAC4  84
u3  2011  9  5  23  44  0.0275  0  12  55.772  0.027  0  33   8.39  0.017  J2000  UCAC4  84
u4  2011  9  5  23  44  0.0275  0  12  56.235  0.022  0  32   59.55  0.028  J2000  UCAC4  84
u3  2011  9  10  23  27  0.1715  0  12  13.362  0.022  0  29   36.288  0.031  J2000  UCAC4  84
u4  2011  9  10  23  27  0.1715  0  12  13.811  0.024  0  29   42.618  0.035  J2000  UCAC4  84
u3  2011  9  18  22  54  0.1745  0  11  4.904  0.013  0  22   8.33  0.046  J2000  UCAC4  84
u4  2011  9  18  22  54  0.1745  0  11  6.04  0.012  0  20   57.82  0.023  J2000  UCAC4  84
u4  2011  9  20  22  45  0.7596  0  10  48.77  0.018  0  19   22.302  0.027  J2000  UCAC4  84
u2  2011  9  25  22  27  0.1439  0  10  3.967  0.05  0  14   39.788  0.071  J2000  UCAC4  84
u4  2011  9  25  22  27  0.1439  0  10  2.811  0.012  0  15   38.442  0.02  J2000  UCAC4  84
u3  2011  9  26  22  19  0.711  0  9  54.787  0.032  0  14   23.734  0.058  J2000  UCAC4  84
u4  2011  9  26  22  19  0.711  0  9  53.804  0.034  0  14   33.89  0.039  J2000  UCAC4  84
u2  2011  9  27  22  13  0.8853  0  9  45.666  0.204  0  13   22.714  0.274  J2000  UCAC4  84
u3  2011  9  27  22  13  0.8853  0  9  45.45  0.066  0  13   34.938  0.078  J2000  UCAC4  84
u4  2011  9  27  22  13  0.8853  0  9  44.998  0.082  0  13   22.62  0.095  J2000  UCAC4  84
u4  2011  9  30  22  2  0.6886  0  9  19.614  0.056  0  9 4  0.716  0.044  J2000  UCAC4  84
u3  2011  10  1  22  1  0.0307  0  9  11.024  0.045  0  8 4  7.566  0.042  J2000  UCAC4  84
u4  2011  10  1  22  1  0.0307  0  9  11.238  0.054  0  8 3  6.578  0.04  J2000  UCAC4  84
u3  2011  8  20  1  2  0.0644  0  15  0.624  0.052  0  46   55.402  0.025  J2000  UCAC4  84
u4  2011  10  17  20  54  0.885  0  6  56.428  0.032  0   5   30.204  0.073  J2000  UCAC4  84
u2  2011  10  18  20  52  0.1317  0  6  47.12  0.078  0   5   40.332  0.067  J2000  UCAC4  84
u3  2011  10  18  20  52  0.1317  0  6  47.641  0.027  0   6   22.482  0.011  J2000  UCAC4  84
u3  2011  11  10  19  13  0.6709  0  4  13.598  0.023  0  21   25.328  0.053  J2000  UCAC4  84
u4  2011  11  10  19  13  0.6709  0  4  14.591  0.052  0  22   31.146  0.076  J2000  UCAC4  84
u3  2011  11  15  18  55  0.9977  0  3  50.912  0.024  0  24   43.218  0.034  J2000  UCAC4  84
u4  2011  11  20  18  40  0.6654  0  3  29.263  0.039  0  26   0.41  0.029  J2000  UCAC4  84
u4  2011  11  29  18  0  0.2287  0  3  4.977  0.042  0  28   19.786  0.052  J2000  UCAC4  84
u3  2011  12  20  16  51  0.7973  0  3  4.133  0.025  0  28   16.342  0.086  J2000  UCAC4  84
u4  2011  12  20  16  51  0.7973  0  3  3.614  0.015  0  28   25.628  0.074  J2000  UCAC4  84
u3  2011  12  28  16  5  0.6182  0  3  25.251  0.007  0  25   43.63  0.032  J2000  UCAC4  84
u4  2011  12  28  16  5  0.6182  0  3  24.038  0.042  0  24   37.212  0.039  J2000  UCAC4  84
u3  2014  8  31  0  50  0.3448  0  58  53.328  0.056  5  31   38.935  0.032  J2000  UCAC4  84
u4  2014  8  31  0  50  0.3448  0  58  52.979  0.04  5  31   8.515  0.035  J2000  UCAC4  84
u4  2014  9  5  0  29  0.9438  0  58  18.978  0.023  5  28   46.214  0.045  J2000  UCAC4  84
u2  2014  9  7  0  24  0.3822  0  58  4.239  0.116  5  26   26.72  0.157  J2000  UCAC4  84
u3  2014  9  7  0  24  0.3822  0  58  4.698  0.018  5  26   12.512  0.035  J2000  UCAC4  84
u4  2014  9  7  0  24  0.3822  0  58  3.431  0.029  5  27   22.676  0.044  J2000  UCAC4  84
u3  2014  9  8  0  20  0.9484  0  57  57.959  0.021  5  25   33.644  0.031  J2000  UCAC4  84
u4  2014  9  8  0  20  0.9484  0  57  55.711  0.031  5  26   27.188  0.024  J2000  UCAC4  84
u3  2014  9  9  0  19  0.5678  0  57  50.634  0.085  5  25   5.52  0.034  J2000  UCAC4  84
u4  2014  9  9  0  19  0.5678  0  57  48.17  0.085  5  25   24.4  0.042  J2000  UCAC4  84
u2  2014  9  13  23  53  0.8955  0  57  10.599  0.114  5  21   20.758  0.108  J2000  UCAC4  84
u4  2014  9  13  23  53  0.8955  0  57  12.167  0.017  5  20   28.134  0.043  J2000  UCAC4  84
u2  2014  9  15  23  50  0.8876  0  56  55.655  0.14  5  19   9.092  0.281  J2000  UCAC4  84
u3  2014  9  15  23  50  0.8876  0  56  55.715  0.036  5  18   54.834  0.057  J2000  UCAC4  84
u3  2014  9  16  23  46  0.3852  0  56  48.04  0.072  5  18   14.9  0.061  J2000  UCAC4  84
u4  2014  9  16  23  46  0.3852  0  56  48.189  0.083  5  18   42.38  0.045  J2000  UCAC4  84
u2  2014  9  17  23  44  0.4552  0  56  38.301  0.107  5  17   58.518  0.217  J2000  UCAC4  84
u4  2014  9  17  23  44  0.4552  0  56  39.476  0.055  5  18   7.382  0.059  J2000  UCAC4  84
u2  2014  9  19  23  36  0.9475  0  56  22.579  0.049  5  15   39.11  0.09  J2000  UCAC4  84
u3  2014  9  19  23  36  0.9475  0  56  21.824  0.026  5  16   27.54  0.018  J2000  UCAC4  84
u4  2014  9  19  23  36  0.9475  0  56  21.566  0.017  5  16   38.106  0.014  J2000  UCAC4  84
u3  2014  9  20  23  30  0.7995  0  56  12.829  0.026  5  15   28.822  0.039  J2000  UCAC4  84
u4  2014  9  20  23  30  0.7995  0  56  12.641  0.011  5  15   40.274  0.015  J2000  UCAC4  84
u2  2014  9  29  22  53  0.3883  0  54  55.511  0.158  5   7   11.64  0.238  J2000  UCAC4  84
u3  2014  9  29  22  53  0.3883  0  54  54.598  0.027  5   7   14.488  0.045  J2000  UCAC4  84
u4  2014  9  29  22  53  0.3883  0  54  56.918  0.028  5   6   52.83  0.024  J2000  UCAC4  84
u4  2014  9  30  22  51  0.2359  0  54  47.652  0.017  5   6   15.736  0.043  J2000  UCAC4  84
u1  2014  10  3  22  38  0.372  0  54  20.362  0.202  5   3   1.358  0.205  J2000  UCAC4  84
u2  2014  10  3  22  38  0.372  0  54  19.986  0.117  5   3   26.71  0.236  J2000  UCAC4  84
u3  2014  10  3  22  38  0.372  0  54  20.809  0.024  5   2   44.932  0.027  J2000  UCAC4  84
u4  2014  10  3  22  38  0.372  0  54  19.061  0.02  5   3   50.61  0.017  J2000  UCAC4  84
u3  2014  10  7  22  23  0.9908  0  53  43.339  0.034  4  59   56.128  0.061  J2000  UCAC4  84
u4  2014  10  7  22  23  0.9908  0  53  43.231  0.075  4  59   5.056  0.088  J2000  UCAC4  84
u3  2014  10  15  21  46  0.3556  0  52  32.31  0.018  4  52   32.304  0.021  J2000  UCAC4  84
u4  2014  10  15  21  46  0.3556  0  52  32.543  0.036  4  52   39.426  0.027  J2000  UCAC4  84
u1  2014  11  17  19  37  0.9703  0  48  18.119  0.041  4  25   52.82  0.117  J2000  UCAC4  84
u4  2014  11  17  19  37  0.9703  0  48  17.651  0.006  4  25   36.132  0.015  J2000  UCAC4  84
u2  2014  11  18  19  31  0.6534  0  48  12.029  0.066  4  25   48.062  0.023  J2000  UCAC4  84
u3  2014  11  18  19  31  0.6534  0  48  12.676  0.023  4  25   48.83  0.011  J2000  UCAC4  84
u4  2014  11  18  19  31  0.6534  0  48  12.397  0.023  4  24   51.116  0.022  J2000  UCAC4  84
u3  2014  11  29  18  48  0.6318  0  47  16.688  0.037  4  20   29.932  0.038  J2000  UCAC4  84
u4  2014  11  29  18  48  0.6318  0  47  16.462  0.05  4  20   4.658  0.034  J2000  UCAC4  84
u3  2014  12  25  17  6  0.5462  0  46  30.897  0.026  4  16   45.172  0.03  J2000  UCAC4  84
u4  2014  12  25  17  6  0.5462  0  46  30.458  0.03  4  16   35.752  0.014  J2000  UCAC4  84
u2  2015  8  24  1  38  0.0331  1  14  42.22  0.187  7  11   28.764  0.087  J2000  UCAC4  84
u3  2015  8  24  1  38  0.0331  1  14  43.729  0.071  7  11   30.758  0.092  J2000  UCAC4  84
u3  2015  8  25  1  31  0.8947  1  14  38.007  0.058  7  11   13.48333  0.051  J2000  UCAC4  84
u4  2015  8  25  1  31  0.8947  1  14  36.339  0.079  7  10   59.10333  0.035  J2000  UCAC4  84
u1  2015  8  26  1  34  0.06  1  14  32.551  0.08  7  10   25.94  0.132  J2000  UCAC4  84
u2  2015  8  26  1  34  0.06  1  14  33.398  0.13  7   9   59.042  0.081  J2000  UCAC4  84
u3  2015  8  26  1  34  0.06  1  14  32.061  0.046  7  10   41.654  0.07  J2000  UCAC4  84
u4  2015  8  26  1  34  0.06  1  14  31.335  0.022  7  10   7.87  0.065  J2000  UCAC4  84
u2  2015  8  30  1  16  0.3612  1  14  11.367  0.097  7   7   38.482  0.139  J2000  UCAC4  84
u3  2015  8  30  1  16  0.3612  1  14  11.288  0.038  7   7   24.42  0.017  J2000  UCAC4  84
u4  2015  8  30  1  16  0.3612  1  14  11.882  0.06  7   7   17.364  0.096  J2000  UCAC4  84
u1  2015  8  31  1  7  0.7553  1  14  4.879  0.243  7   7   31.486  0.194  J2000  UCAC4  84
u3  2015  8  31  1  7  0.7553  1  14  6.082  0.049  7   6   57.18  0.06  J2000  UCAC4  84
u4  2015  8  31  1  7  0.7553  1  14  6.488  0.03  7   6   52.234  0.027  J2000  UCAC4  84
u3  2015  9  2  1  3  0.2277  1  13  53.596  0.026  7   6   21.914  0.049  J2000  UCAC4  84
u4  2015  9  2  1  3  0.2277  1  13  54.29  0.032  7   6   12.39  0.049  J2000  UCAC4  84
u3  2015  9  6  1  2  0.4227  1  13  26.205  0.032  7   3   9.424  0.079  J2000  UCAC4  84
u4  2015  9  6  1  2  0.8499  1  13  25.938  0.02  7   3   57.3025  0.055  J2000  UCAC4  84
u1  2015  9  11  0  22  0.5403  1  12  51.956  0.126  6  59   36.832  0.285  J2000  UCAC4  84
u2  2015  9  11  0  22  0.5403  1  12  52.315  0.039  6  59   27.118  0.05  J2000  UCAC4  84
u3  2015  9  11  0  22  0.5403  1  12  52.706  0.017  7   0   9.078  0.052  J2000  UCAC4  84
u4  2015  9  11  0  22  0.5403  1  12  52.271  0.013  6  59   5.974  0.036  J2000  UCAC4  84
u3  2015  9  12  0  20  0.2912  1  12  44.528  0.044  6  59   31.036  0.04  J2000  UCAC4  84
u4  2015  9  12  0  20  0.2912  1  12  45.63  0.046  6  58   19.492  0.045  J2000  UCAC4  84
u1  2015  9  17  23  52  0.8641  1  11  58.32  0.08  6  54   24.888  0.076  J2000  UCAC4  84
u2  2015  9  17  23  52  0.8641  1  11  58.107  0.149  6  54   26.22  0.055  J2000  UCAC4  84
u3  2015  9  17  23  52  0.8641  1  11  59.956  0.014  6  54   3.942  0.023  J2000  UCAC4  84
u4  2015  9  17  23  52  0.8641  1  11  58.577  0.018  6  54   56.136  0.01  J2000  UCAC4  84
u4  2015  9  18  23  51  0.4424  1  11  49.868  0.021  6  54   5.558  0.025  J2000  UCAC4  84
u3  2015  9  19  23  50  0.9815  1  11  42.861  0.034  6  53   3.09  0.041  J2000  UCAC4  84
u4  2015  9  19  23  50  0.9815  1  11  41.261  0.031  6  53   6.086  0.052  J2000  UCAC4  84
u3  2015  9  24  23  43  0.0593  1  11  1.229  0.033  6  47   48.97  0.02  J2000  UCAC4  84
u4  2015  9  24  23  43  0.0593  1  11  1.329  0.033  6  47   38.42  0.014  J2000  UCAC4  84
u3  2015  9  26  23  31  0.7098  1  10  44.991  0.081  6  46   29.41  0.024  J2000  UCAC4  84
u2  2015  10  3  22  51  0.4189  1  9  42.147  0.109  6  40   37.798  0.072  J2000  UCAC4  84
u3  2015  10  3  22  51  0.4189  1  9  42.891  0.06  6  39   48.354  0.038  J2000  UCAC4  84
u4  2015  10  3  22  51  0.4189  1  9  40.876  0.066  6  40   41.834  0.038  J2000  UCAC4  84
u2  2015  10  13  22  7  0.6777  1  8  11.886  0.077  6  30   52.95  0.105  J2000  UCAC4  84
u3  2015  10  13  22  7  0.0977  1  8  13.217  0.052  6  30   53.392  0.073  J2000  UCAC4  84
u4  2015  10  13  22  7  0.0977  1  8  12.566  0.035  6  31   41.792  0.038  J2000  UCAC4  84
u3  2015  10  8  22  25  0.9961  1  8  56.494  0.065  6  36   10.524  0.026  J2000  UCAC4  84
u4  2015  10  8  22  25  0.9961  1  8  58.147  0.041  6  35   3.686  0.015  J2000  UCAC4  84
u2  2015  10  20  21  45  0.0825  1  7  8.429  0.045  6  25   1.648  0.065  J2000  UCAC4  84
u3  2015  10  20  21  45  0.0825  1  7  9.137  0.024  6  24   15.684  0.021  J2000  UCAC4  84
u4  2015  10  20  21  45  0.0825  1  7  8.684  0.018  6  24   10.168  0.023  J2000  UCAC4  84
u2  2015  10  28  21  4  0.5479  1  5  58.813  0.023  6  18   2.48  0.044  J2000  UCAC4  84
u3  2015  10  28  21  4  0.5479  1  5  58.672  0.023  6  17   20.84  0.024  J2000  UCAC4  84
u4  2015  10  28  21  4  0.5479  1  5  58.537  0.018  6  18   25.104  0.019  J2000  UCAC4  84
u1  2015  10  30  21  0  0.3375  1  5  41.72  0.118  6  16   10.38  0.126  J2000  UCAC4  84
u2  2015  10  30  21  0  0.3375  1  5  42.384  0.042  6  15   42.914  0.039  J2000  UCAC4  84
u3  2015  10  30  21  0  0.3375  1  5  43.158  0.031  6  15   38.41  0.045  J2000  UCAC4  84
u4  2015  10  30  21  0  0.3375  1  5  40.699  0.01  6  16   24.832  0.062  J2000  UCAC4  84
u1  2015  11  5  20  34  0.3053  1  4  53.406  0.053  6  10   54.642  0.073  J2000  UCAC4  84
u2  2015  11  5  20  34  0.3053  1  4  53.228  0.03  6  11   25.144  0.059  J2000  UCAC4  84
u3  2015  11  5  20  34  0.3053  1  4  52.323  0.061  6  10   58.464  0.059  J2000  UCAC4  84
u4  2015  11  5  20  34  0.3053  1  4  54.458  0.009  6  10   34.578  0.018  J2000  UCAC4  84
u1  2015  12  8  18  23  0.536  1  1  41.081  0.154  5  52   8.4025  0.094  J2000  UCAC4  84
u3  2015  12  8  18  23  0.536  1  1  39.928  0.005  5  52   47.0175  0.021  J2000  UCAC4  84
u4  2015  12  8  18  23  0.536  1  1  39.892  0.056  5  52   59.355  0.086  J2000  UCAC4  84
u3  2015  12  26  18  56  0.8805  1  1  10.161  0.027  5  50   18.058  0.032  J2000  UCAC4  84
u4  2015  12  26  18  56  0.8805  1  1  10.665  0.018  5  49   31.024  0.061  J2000  UCAC4  84
u3  2015  12  24  17  18  0.7346  1  1  11.662  0.016  5  50   22.3575  0.039  J2000  UCAC4  84
u4  2015  12  24  17  18  0.7346  1  1  10.076  0.032  5  50   2.4475  0.039  J2000  UCAC4  84
u4  2016  1  1  16  47  0.8761  1  1  15.927  0.044  5  50   55.448  0.052  J2000  UCAC4  84
u1  2016  1  6  16  31  0.6109  1  1  23.118  0.059  5  51   55.464  0.094  J2000  UCAC4  84
u2  2016  1  6  16  31  0.6109  1  1  23.712  0.061  5  51   54.278  0.221  J2000  UCAC4  84
u3  2016  1  6  16  31  0.6109  1  1  23.115  0.01  5  51   19.152  0.016  J2000  UCAC4  84
u4  2016  1  6  16  31  0.6109  1  1  21.984  0.006  5  51   57.152  0.027  J2000  UCAC4  84
u3  2016  1  7  16  23  0.7786  1  1  26.11  0.011  5  51   30.136  0.027  J2000  UCAC4  84
u4  2016  1  7  16  23  0.7786  1  1  24.384  0.083  5  51   55.518  0.027  J2000  UCAC4  84
u3  2016  1  8  16  21  0.2407  1  1  29.075  0.019  5  51   57.028  0.009  J2000  UCAC4  84
u4  2016  1  8  16  21  0.2407  1  1  27.256  0.008  5  51   56.044  0.019  J2000  UCAC4  84
u3  2016  1  10  16  8  0.9888  1  1  34.102  0.034  5  53   14.522  0.016  J2000  UCAC4  84
u4  2016  1  10  16  8  0.9888  1  1  33.97  0.026  5  52   16.706  0.026  J2000  UCAC4  84
u1  2012  10  22  20  43  0.526  0  21  12.249  0.025  1  28   36.146  0.027  J2000  UCAC4  84
u1  2013  9  4  0  23  0.6964  0  43  15.619  0.057  3  51   56.888  0.081  J2000  UCAC4  84
u1  2013  9  8  0  8  0.8891  0  42  45.736  0.02  3  48   16.998  0.023  J2000  UCAC4  84
u2  2012  8  30  0  28  0.4643  0  28  45.784  0.068  2  17   22.666  0.128  J2000  UCAC4  84
u2  2012  8  31  0  22  0.0569  0  28  39.243  0.102  2  16   27.98  0.09  J2000  UCAC4  84
u2  2013  9  1  0  40  0.0462  0  43  37.21  0.011  3  54   19.142  0.037  J2000  UCAC4  84
u2  2013  9  4  0  23  0.6964  0  43  16.187  0.037  3  51   31.248  0.05  J2000  UCAC4  84
u2  2013  9  6  0  11  0.2595  0  43  0.244  0.033  3  50   23.604  0.037  J2000  UCAC4  84
u2  2013  9  9  23  55  0.0799  0  42  29.446  0.015  3  47   6.4  0.021  J2000  UCAC4  84
u2  2013  9  15  23  40  0.5313  0  41  41.407  0.036  3  41   16.69  0.081  J2000  UCAC4  84
u2  2013  10  21  21  9  0.0747  0  36  26.632  0.036  3   8   32.998  0.026  J2000  UCAC4  84
u2  2013  11  29  18  29  0.3341  0  32  26.964  0.011  2  43   35.748  0.014  J2000  UCAC4  84
u3  2012  8  30  0  28  0.4643  0  28  46.824  0.021  2  17   26.938  0.028  J2000  UCAC4  84
u3  2012  8  31  0  22  0.0569  0  28  39.155  0.016  2  17   0.32  0.033  J2000  UCAC4  84
u3  2012  9  1  0  16  0.7629  0  28  31.19  0.003  2  16   25.122  0.014  J2000  UCAC4  84
u3  2012  9  9  23  41  0.8631  0  27  20.69  0.02  2   8   46.118  0.024  J2000  UCAC4  84
u3  2012  10  6  21  51  0.0116  0  23  25.579  0.009  1  43   28.646  0.017  J2000  UCAC4  84
u3  2012  10  7  21  50  0.0926  0  23  16.727  0.013  1  42   17.086  0.021  J2000  UCAC4  84
u3  2012  10  22  20  43  0.526  0  21  12.007  0.006  1  29   14.126  0.01  J2000  UCAC4  84
u3  2012  10  28  20  36  0.7436  0  20  27.284  0.009  1  23   37.914  0.018  J2000  UCAC4  84
u3  2012  11  13  19  16  0.9179  0  18  45.614  0.013  1  13   12.34  0.02  J2000  UCAC4  84
u3  2012  12  15  17  7  0.7782  0  17  23.29  0.043  1   6   34.446  0.026  J2000  UCAC4  84
u3  2012  12  18  17  1  0.2723  0  17  26.166  0.021  1   6   3.456  0.016  J2000  UCAC4  84
u3  2012  12  19  16  55  0.8923  0  17  27.641  0.006  1   6   11.368  0.023  J2000  UCAC4  84
u3  2013  9  1  0  40  0.0462  0  43  37.381  0.006  3  54   26.944  0.017  J2000  UCAC4  84
u3  2013  9  4  0  23  0.6964  0  43  14.7  0.017  3  51   49.72  0.015  J2000  UCAC4  84
u3  2013  9  6  0  11  0.2595  0  43  0.96  0.014  3  49   39.616  0.008  J2000  UCAC4  84
u3  2013  9  7  0  13  0.8886  0  42  53.931  0.007  3  48   51.828  0.006  J2000  UCAC4  84
u3  2013  9  8  0  8  0.8891  0  42  46.471  0.018  3  48   17.516  0.029  J2000  UCAC4  84
u3  2013  9  9  23  55  0.0799  0  42  29.98  0.015  3  47   15.458  0.014  J2000  UCAC4  84
u3  2013  9  10  23  57  0.0763  0  42  21.353  0.012  3  46   28.16  0.011  J2000  UCAC4  84
u3  2013  9  14  23  37  0.5967  0  41  49.813  0.01  3  41   58.55  0.016  J2000  UCAC4  84
u3  2013  9  15  23  40  0.5313  0  41  41.972  0.029  3  41   10.553  0.023  J2000  UCAC4  84
u3  2013  10  3  22  21  0.2819  0  39  4.98  0.007  3  24   36.646  0.005  J2000  UCAC4  84
u3  2013  10  13  21  38  0.7941  0  37  36.057  0.02  3  15   43.296  0.026  J2000  UCAC4  84
u3  2013  10  20  21  10  0.5865  0  36  36.407  0.006  3   8   52.544  0.008  J2000  UCAC4  84
u3  2013  10  21  21  9  0.0747  0  36  28.063  0.037  3   8   18.8  0.019  J2000  UCAC4  84
u3  2013  11  17  19  17  0.8709  0  33  19.217  0.015  2  49   12.385  0.018  J2000  UCAC4  84
u3  2013  11  26  18  39  0.5374  0  32  37.751  0.021  2  45   12.306  0.013  J2000  UCAC4  84
u3  2013  11  29  18  29  0.3341  0  32  25.669  0.026  2  44   4.818  0.018  J2000  UCAC4  84
u3  2013  12  14  17  28  0.3293  0  31  56.491  0.013  2  41   41.555  0.019  J2000  UCAC4  84
u3  2013  12  18  17  14  0.3999  0  31  55.212  0.015  2  41   1.96  0.014  J2000  UCAC4  84
u3  2013  12  25  16  46  0.9511  0  32  0.158  0.036  2  42   29.936  0.011  J2000  UCAC4  84
u4  2012  8  30  0  28  0.4643  0  28  44.957  0.027  2  17   40.048  0.016  J2000  UCAC4  84
u4  2012  8  31  0  22  0.0569  0  28  38.016  0.039  2  16   33.694  0.094  J2000  UCAC4  84
u4  2012  9  1  0  16  0.7629  0  28  31.139  0.014  2  15   28.8  0.015  J2000  UCAC4  84
u4  2012  9  9  23  41  0.8631  0  27  20.248  0.005  2   8   55.726  0.01  J2000  UCAC4  84
u4  2012  9  21  22  54  0.2744  0  25  38.729  0.004  1  57   48.866  0.01  J2000  UCAC4  84
u4  2012  10  6  21  51  0.0116  0  23  25.497  0.007  1  43   41.218  0.021  J2000  UCAC4  84
u4  2012  10  7  21  50  0.0926  0  23  16.467  0.015  1  42   37.24  0.007  J2000  UCAC4  84
u4  2012  10  22  20  43  0.526  0  21  11.049  0.024  1  28   57.586  0.019  J2000  UCAC4  84
u4  2012  10  28  20  36  0.7436  0  20  27.593  0.013  1  23   41.964  0.017  J2000  UCAC4  84
u4  2012  11  13  19  16  0.9179  0  18  45.781  0.016  1  14   1.49  0.029  J2000  UCAC4  84
u4  2012  12  17  17  7  0.708  0  17  24.967  0.012  1   5   56.218  0.023  J2000  UCAC4  84
u4  2012  12  18  17  1  0.2723  0  17  26.273  0.028  1   5   53.752  0.022  J2000  UCAC4  84
u4  2012  12  19  16  55  0.8923  0  17  27.71  0.017  1   6   0.274  0.026  J2000  UCAC4  84
u4  2012  12  21  16  49  0.5921  0  17  30.639  0.014  1   6   40.772  0.033  J2000  UCAC4  84
u4  2013  9  1  0  40  0.0462  0  43  37.599  0.011  3  53   23.832  0.009  J2000  UCAC4  84
u4  2013  9  4  0  23  0.6964  0  43  16.903  0.009  3  51   33.608  0.009  J2000  UCAC4  84
u4  2013  9  6  0  11  0.2595  0  43  1.343  0.013  3  50   33.422  0.014  J2000  UCAC4  84
u4  2013  9  7  0  13  0.8886  0  42  53.137  0.01  3  49   56.142  0.005  J2000  UCAC4  84
u4  2013  9  8  0  8  0.8891  0  42  44.893  0.004  3  49   10.758  0.011  J2000  UCAC4  84
u4  2013  9  9  23  55  0.0799  0  42  28.638  0.003  3  47   13.48  0.012  J2000  UCAC4  84
u4  2013  9  10  23  57  0.0763  0  42  20.716  0.01  3  46   4.642  0.013  J2000  UCAC4  84
u4  2013  9  14  23  37  0.5967  0  41  50.189  0.003  3  41   48.276  0.012  J2000  UCAC4  84
u4  2013  9  15  23  40  0.5313  0  41  42.245  0.026  3  41   1.303  0.014  J2000  UCAC4  84
u4  2013  10  3  22  21  0.2819  0  39  3.978  0.01  3  25   29.594  0.01  J2000  UCAC4  84
u4  2013  10  13  21  38  0.7941  0  37  36.703  0.015  3  15   12.42  0.008  J2000  UCAC4  84
u4  2013  10  20  21  10  0.5865  0  36  34.305  0.008  3   9   32.692  0.016  J2000  UCAC4  84
u4  2013  10  21  21  9  0.0747  0  36  26.159  0.006  3   8   21.782  0.01  J2000  UCAC4  84
u4  2013  11  26  18  39  0.5374  0  32  37.291  0.016  2  45   31.336  0.021  J2000  UCAC4  84
u4  2013  11  29  18  29  0.3341  0  32  25.372  0.011  2  44   17.488  0.008  J2000  UCAC4  84
u4  2013  12  18  17  14  0.3999  0  31  56.376  0.005  2  40   44.008  0.01  J2000  UCAC4  84
u4  2013  12  25  16  46  0.9511  0  32  0.053  0.007  2  42   50.136  0.021  J2000  UCAC4  84
