avg moment 	pos count 	sat list 	planet avg RA 	planet avg DE 	avg O-C, arcsec 	avg O-C sigma, arcsec 	avg O-C eps, arcsec
ymdd 	deg 	HMS 	deg 	DMS 	RA 	DE 	RA 	DE 	RA 	DE
2007.7476010313	2007	09	30.87437643	4	34	347.22462651785	23 8 53.91	-6.353750654722	-6 21 13.502	0.026	-0.057	0.051	0.019	0.026	0.01
2007.8432165573	2007	11	4.7740434	1	3	346.33075253389	23 5 19.381	-6.709441759722	-6 42 33.99	-0.073	0.004	0	0	0	0
2007.8978871207	2007	11	24.72879907	1	4	346.176650095	23 4 42.396	-6.759681882778	-6 45 34.855	0.027	-0.044	0	0	0	0
2007.968921237	2007	12	20.6562515	1	4	346.44226080361	23 5 46.143	-6.630354095556	-6 37 49.275	-0.001	0.03	0	0	0	0
2008.012624471	2008	01	5.62055637	3	234	346.85745255778	23 7 25.789	-6.446784904259	-6 26 48.426	0.055	-0.128	0.06	0.241	0.035	0.139
2008.6938374931	2008	09	10.94452248	1	4	351.70938930361	23 26 50.253	-4.455652543333	-4 27 20.349	0.078	-0.026	0	0	0	0
2008.7320309812	2008	09	24.92333911	2	34	351.19704462597	23 24 47.291	-4.672818058889	-4 40 22.145	-0.098	-0.167	0.136	0.2	0.096	0.141
2008.7347191009	2008	09	25.90719094	2	34	351.16180997847	23 24 38.834	-4.687608855278	-4 41 15.392	-0.01	-0.023	0.017	0.001	0.012	0.001
2008.7619645236	2008	10	5.87901564	2	34	350.81737494014	23 23 16.17	-4.831518972083	-4 49 53.468	-0.042	0.048	0.005	0.011	0.004	0.008
2008.7674138025	2008	10	7.8734517	1	4	350.75212693889	23 23 0.51	-4.858596861389	-4 51 30.949	-0.013	-0.013	0	0	0	0
2008.8791167252	2008	11	17.75672141	3	234	349.87324874315	23 19 29.58	-5.208742694352	-5 12 31.474	0.044	0.037	0.238	0.203	0.138	0.117
2009.6220006347	2009	08	16.03023165	1	2	356.3695473775	23 45 28.691	-2.437713851667	-2 26 15.77	-0.055	-0.033	0	0	0	0
2009.635661456	2009	08	21.01643145	1	4	356.21921682389	23 44 52.612	-2.504403816667	-2 30 15.854	0.024	-0.046	0	0	0	0
2009.6383902841	2009	08	22.01245371	2	13	356.18789979139	23 44 45.096	-2.518264451944	-2 31 5.752	-0.139	-0.194	0.221	0.157	0.156	0.111
2009.6711753959	2009	09	2.97901951	1	4	355.78633477167	23 43 8.72	-2.694413883889	-2 41 39.89	0.047	-0.121	0	0	0	0
2009.7121617911	2009	09	17.93905374	2	23	355.24295221083	23 40 58.309	-2.92961048625	-2 55 46.598	0.019	0.053	0.048	0.487	0.034	0.345
2009.7203591495	2009	09	20.93108956	1	4	355.13267672361	23 40 31.842	-2.976978198333	-2 58 37.122	0.088	-0.019	0	0	0	0
2009.7340027143	2009	09	25.91099072	1	3	354.95033806305	23 39 48.081	-3.054940058333	-3 3 17.784	0.026	-0.021	0	0	0	0
2009.7640843585	2009	10	6.89079085	1	4	354.56238970222	23 38 14.974	-3.219476219444	-3 13 10.114	-0.074	-0.034	0	0	0	0
2009.769532693	2009	10	8.87943294	3	123	354.49536102574	23 37 58.887	-3.24774620537	-3 14 51.886	0.054	-0.119	0.062	0.134	0.036	0.077
2009.7722691295	2009	10	9.87823228	1	3	354.46212265361	23 37 50.909	-3.261649163889	-3 15 41.937	-0.018	0.109	0	0	0	0
2009.829646026	2009	10	30.82079948	2	34	353.86329666764	23 35 27.191	-3.509625109167	-3 30 34.65	0.031	-0.119	0.013	0.187	0.009	0.133
2009.8323641401	2009	10	31.81291115	3	234	353.8406345175	23 35 21.752	-3.518769788981	-3 31 7.571	0.088	0.003	0.044	0.071	0.026	0.041
2009.8405603583	2009	11	3.80453077	2	34	353.77586104917	23 35 6.207	-3.544833858056	-3 32 41.402	-0.005	-0.009	0.036	0.097	0.025	0.069
2009.8460313261	2009	11	5.80143404	2	34	353.73578154945	23 34 56.588	-3.560835089028	-3 33 39.006	0.03	0.022	0.056	0.091	0.04	0.064
2009.9580528216	2009	12	16.6892799	1	4	353.55465425194	23 34 13.117	-3.609621435278	-3 36 34.637	-0.009	-0.121	0	0	0	0
2009.9607808793	2009	12	17.68502096	2	34	353.56643133361	23 34 15.944	-3.603808346111	-3 36 13.71	-0.049	-0.072	0.057	0.055	0.041	0.039
2009.9662457873	2009	12	19.67971236	3	134	353.59237586704	23 34 22.17	-3.591217109815	-3 35 28.382	-0.046	-0.15	0.022	0.217	0.013	0.125
2010.0017871492	2010	01	1.65230947	1	4	353.83486206278	23 35 20.367	-3.477772911667	-3 28 39.982	-0.022	-0.075	0	0	0	0
2010.6247594598	2010	08	17.03720281	1	4	0.088254143333	0 0 21.181	-0.813306369444	-0 48 47.903	-0.011	-0.089	0	0	0	0
2010.6329583737	2010	08	20.0298064	3	234	0.003815038148	0 0 0.916	-0.850969767963	-0 51 3.491	-0.047	0.081	0.038	0.053	0.022	0.03
2010.6903222195	2010	09	9.96761011	3	123	359.3166876	23 57 16.005	-1.153823391481	-1 9 13.764	0.077	-0.089	0.059	0.073	0.034	0.042
2010.7640992405	2010	10	6.89622278	1	3	358.33682594361	23 53 20.838	-1.576307909167	-1 34 34.708	-0.016	0.011	0	0	0	0
2010.7750289196	2010	10	10.88555565	4	234	358.19856799715	23 52 47.656	-1.635103488681	-1 38 6.373	0.06	-0.109	0.118	0.185	0.059	0.092
2010.796885055	2010	10	18.86304506	3	234	357.93697193805	23 51 44.873	-1.745488699259	-1 44 43.759	0.048	0.013	0.199	0.051	0.115	0.029
2011.6329947954	2011	08	20.04310031	2	34	3.750074370694	0 15 0.018	0.79035030375	0 47 25.261	0.158	0.204	0.209	0.418	0.148	0.296
2011.676694521	2011	09	4.99350016	3	234	3.264121059444	0 13 3.389	0.575340842222	0 34 31.227	-0.023	-0.05	0.115	0.104	0.066	0.06
2011.6794216658	2011	09	5.98890802	2	34	3.23059926625	0 12 55.344	0.560661714861	0 33 38.382	-0.025	0.034	0.016	0.009	0.011	0.006
2011.6930882259	2011	09	10.97720244	2	34	3.058475173333	0 12 14.034	0.485349900694	0 29 7.26	0.059	0.023	0.006	0.023	0.004	0.016
2011.7149432544	2011	09	18.95428787	2	34	2.77205993125	0 11 5.294	0.360697350278	0 21 38.51	0.035	-0.042	0.018	0.018	0.013	0.013
2011.7204066963	2011	09	20.94844416	1	4	2.699012340552	0 10 47.763	0.329045544722	0 19 44.564	0.008	-0.014	0	0	0	0
2011.7340699086	2011	09	25.93551662	2	24	2.515114304858	0 10 3.627	0.249543895556	0 14 58.358	0.007	-0.069	0.02	0.003	0.014	0.002
2011.7367954928	2011	09	26.93035487	2	34	2.478337302639	0 9 54.801	0.233684768472	0 14 1.265	-0.023	-0.088	0.02	0.01	0.014	0.007
2011.7395241348	2011	09	27.92630922	3	234	2.441517853243	0 9 45.964	0.217875485741	0 13 4.352	-0.092	0.071	0.034	0.099	0.019	0.057
2011.7477220103	2011	09	30.91853376	1	4	2.331173773059	0 9 19.482	0.170403685	0 10 13.453	-0.118	-0.004	0	0	0	0
2011.750458582	2011	10	1.91738243	2	34	2.294467758609	0 9 10.672	0.1546378325	0 9 16.696	-0.137	-0.037	0.061	0.046	0.043	0.032
2011.7613822338	2011	10	5.90451534	1	3	2.149067073608	0 8 35.776	0.092356678056	0 5 32.484	-0.095	0.039	0	0	0	0
2011.7723150967	2011	10	9.8950103	2	34	2.005989278333	0 8 1.437	0.031266807222	0 1 52.561	-0.103	0.045	0.016	0.068	0.011	0.048
2011.7941683505	2011	10	17.87144794	1	4	1.731088148889	0 6 55.461	-0.085474146111	-0 5 7.707	-0.054	0.059	0	0	0	0
2011.796902838	2011	10	18.86953588	2	23	1.697988378891	0 6 47.517	-0.099465853056	-0 5 58.077	-0.104	0.037	0.019	0.088	0.013	0.062
2011.8597292065	2011	11	10.80116036	2	34	1.059227571668	0 4 14.215	-0.365173167361	-0 21 54.623	-0.064	0.081	0.005	0.069	0.004	0.049
2011.8733942117	2011	11	15.78888726	1	3	0.959169495278	0 3 50.201	-0.405522916667	-0 24 19.883	-0.013	0.001	0	0	0	0
2011.8870636709	2011	11	20.77823986	1	4	0.875608868611	0 3 30.146	-0.438539655833	-0 26 18.743	0.043	-0.076	0	0	0	0
2011.9116442708	2011	11	29.75015884	1	4	0.770096317778	0 3 4.823	-0.478065881111	-0 28 41.037	0.021	-0.011	0	0	0	0
2011.9690483206	2011	12	20.70263703	2	34	0.764347870973	0 3 3.443	-0.465212817361	-0 27 54.766	0.02	-0.005	0.009	0.011	0.006	0.008
2011.990878269	2011	12	28.67056818	2	34	0.852764203195	0 3 24.663	-0.42098443375	-0 25 15.544	-0.069	0.058	0.014	0.186	0.01	0.132
2014.6631094841	2014	08	31.0349617	2	34	14.71770005125	0 58 52.248	5.530236094444	5 31 48.85	0.024	-0.042	0.002	0.042	0.001	0.03
2014.6767692994	2014	09	5.02079429	1	4	14.577415471111	0 58 18.58	5.470506485556	5 28 13.823	-0.035	-0.148	0	0	0	0
2014.6822381702	2014	09	7.01693211	3	234	14.517922530833	0 58 4.301	5.445328515185	5 26 43.183	0.009	0.084	0.029	0.113	0.017	0.065
2014.684971363	2014	09	8.01454748	2	34	14.487498638056	0 57 57		5.43242519625	5 25 56.731	-0.043	0.013	0.035	0.046	0.025	0.032
2014.6877084623	2014	09	9.01358874	2	34	14.456651406389	0 57 49.596	5.4193225325	5 25 9.561	0.096	-0.087	0.169	0.07	0.12	0.05
2014.7013582487	2014	09	13.99576077	2	24	14.296548298889	0 57 11.172	5.351725170972	5 21 6.211	0.056	-0.035	0.089	0.002	0.063	0.001
2014.706831978	2014	09	15.99367197	2	23	14.22968511625	0 56 55.124	5.323612895556	5 19 25.006	-0.092	0.088	0.043	0.005	0.03	0.004
2014.7095631378	2014	09	16.9905453	2	34	14.195861427639	0 56 47.007	5.309371045417	5 18 33.736	0.006	0.097	0.041	0.036	0.029	0.025
2014.7122991917	2014	09	17.98920499	2	24	14.161617937777	0 56 38.788	5.294892093056	5 17 41.612	-0.024	-0.204	0.075	0.074	0.053	0.052
2014.7177643597	2014	09	19.98399131	3	234	14.092307405185	0 56 22.154	5.265796854537	5 15 56.869	-0.086	-0.162	0.075	0.067	0.043	0.039
2014.7204923887	2014	09	20.97972189	2	34	14.057292335417	0 56 13.75	5.251136541944	5 15 4.092	-0.09	-0.044	0.009	0.044	0.006	0.031
2014.7450787449	2014	09	29.95374189	3	234	13.731673613333	0 54 55.602	5.114911746852	5 6 53.682	-0.101	-0.078	0.038	0.132	0.022	0.076
2014.7478143757	2014	09	30.95224714	1	4	13.694615663056	0 54 46.708	5.099465266667	5 5 58.075	-0.104	-0.037	0	0	0	0
2014.7560090792	2014	10	3.9433139	4	1234	13.583036810069	0 54 19.929	5.052942783403	5 3 10.594	-0.11	-0.137	0.043	0.246	0.022	0.123
2014.7669406218	2014	10	7.93332695	2	34	13.433469907361	0 53 44.033	4.990761004028	4 59 26.74	0.01	0.01	0.011	0.035	0.008	0.025
2014.7887868258	2014	10	15.90719142	2	34	13.135458932222	0 52 32.51	4.867257763889	4 52 2.128	-0.002	0.074	0.058	0.08	0.041	0.056
2014.8789535204	2014	11	17.81803494	2	14	12.075446502084	0 48 18.107	4.434679743194	4 26 4.847	0.046	0.164	0.02	0.161	0.014	0.114
2014.8816812279	2014	11	18.81364819	3	234	12.051022405741	0 48 12.245	4.424894218333	4 25 29.619	0.085	0.015	0.084	0.03	0.049	0.017
2014.9117363618	2014	11	29.78377207	2	34	11.823348276527	0 47 17.604	4.335475844028	4 20 7.713	-0.046	0.072	0.081	0.118	0.057	0.084
2014.9827750118	2014	12	25.7128793	2	34	11.632237075417	0 46 31.737	4.272432896389	4 16 20.758	-0.034	0.039	0.019	0.036	0.014	0.026
2015.6440221329	2015	08	24.06807851	2	23	18.678678829167	1 14 42.883	7.187958093333	7 11 16.649	0.073	-0.1	0.011	0.038	0.008	0.027
2015.6467501802	2015	08	25.06381576	2	34	18.657971915417	1 14 37.913	7.179202328704	7 10 45.128	-0.029	-0.228	0.02	0.209	0.014	0.147
2015.6494940259	2015	08	26.06531947	4	1234	18.636574788195	1 14 32.778	7.170232494861	7 10 12.837	0.078	-0.051	0.097	0.053	0.048	0.027
2015.6604192564	2015	08	30.05302859	3	234	18.54519592713	1 14 10.847	7.131913698056	7 7 54.889	0.041	-0.094	0.012	0.013	0.007	0.007
2015.663142609	2015	08	31.04705229	3	134	18.520967873704	1 14 5.032	7.121752733704	7 7 18.31	0.087	-0.211	0.17	0.199	0.098	0.115
2015.668613447	2015	09	2.04390815	2	34	18.470532537639	1 13 52.928	7.100755668611	7 6 2.72	-0.006	-0.125	0.002	0.022	0.002	0.015
2015.6795712258	2015	09	6.04349742	2	34	18.362923144167	1 13 27.102	7.056052842639	7 3 21.79	-0.061	-0.116	0.044	0.115	0.031	0.082
2015.6931935699	2015	09	11.01565302	4	1234	18.217682405278	1 12 52.244	6.995963032292	6 59 45.467	-0.014	-0.143	0.032	0.168	0.016	0.084
2015.6959290168	2015	09	12.01409114	2	34	18.187066892084	1 12 44.896	6.983365558472	6 59 0.116	-0.09	-0.056	0.025	0.006	0.017	0.004
2015.7123151904	2015	09	17.99504448	4	1234	17.994931940139	1 11 58.784	6.904274006875	6 54 15.386	0.028	-0.12	0.108	0.034	0.054	0.017
2015.7150522116	2015	09	18.99405723	1	4	17.961462605	1 11 50.751	6.890541101389	6 53 25.948	-0.012	-0.109	0	0	0	0
2015.7177910606	2015	09	19.99373712	2	34	17.927623143472	1 11 42.63	6.876678378056	6 52 36.042	-0.039	-0.043	0.1	0.01	0.07	0.007
2015.7314746181	2015	09	24.98823562	2	34	17.753845529722	1 11 0.923	6.805507795833	6 48 19.828	-0.013	-0	0.005	0.003	0.004	0.002
2015.7369324767	2015	09	26.98035401	1	3	17.682606759444	1 10 43.826	6.776370130833	6 46 34.932	0.05	-0.008	0	0	0	0
2015.756033902	2015	10	3.95237422	3	234	17.426578028333	1 9 42.379	6.671940957315	6 40 18.987	0.17	0.092	0.049	0.031	0.028	0.018
2015.7696841631	2015	10	8.93471954	2	34	17.239214737361	1 8 57.412	6.595721164167	6 35 44.596	0.078	-0.029	0.019	0.008	0.013	0.006
2015.7833472051	2015	10	13.92172987	3	234	17.0503108275	1 8 12.075	6.519097061944	6 31 8.749	0.065	-0.007	0.08	0.069	0.046	0.04
2015.8024830336	2015	10	20.90630728	3	234	16.787435663796	1 7 8.985	6.412768901759	6 24 45.968	0.121	0.004	0.049	0.036	0.029	0.021
2015.8243237213	2015	10	28.87815828	3	234	16.496289803889	1 5 59.11	6.295496298981	6 17 43.787	0.031	0.022	0.037	0.02	0.021	0.012
2015.8297951627	2015	10	30.87523438	4	1234	16.425716054306	1 5 42.172	6.267148891042	6 16 1.736	0.086	0.005	0.14	0.08	0.07	0.04
2015.8461839904	2015	11	5.85715648	4	1234	16.221716916181	1 4 53.212	6.185525637917	6 11 7.892	-0.073	0.066	0.075	0.172	0.037	0.086
2015.9363461492	2015	12	8.76634444	3	134	15.419780609908	1 1 40.747	5.872342415278	5 52 20.433	-0.005	-0.082	0.03	0.037	0.017	0.022
2015.9800584752	2015	12	24.72134345	2	34	15.297750833889	1 1 11.46	5.832502366944	5 49 57.009	-0.006	0.024	0.02	0.03	0.014	0.021
2015.9857246585	2015	 12 26	.78950036	2	34	15.296612635	1 1 11.187	5.833441824028	5 50 0.391	0.036	-0.009	0.053	0.025	0.038	0.018
2012.6612561937	2012	08	30.0197669	4	1234	7.191751511667	0 28 46.02	2.292286390903	2 17 32.231	-0.168	-0.063	0.134	0.074	0.067	0.037
2012.6639762767	2012	08	31.01531729	4	1234	7.161575855208	0 28 38.778	2.279104576389	2 16 44.776	-0.034	0.196	0.063	0.326	0.031	0.163
2012.6666984723	2012	09	1.01164088	2	34	7.130930711528	0 28 31.423	2.265600238889	2 15 56.161	-0.002	-0.055	0.046	0.004	0.032	0.003
2012.6912224179	2012	09	9.98740494	2	34	6.837864368611	0 27 21.087	2.137726716944	2 8 15.816	0.06	-0.094	0.025	0.018	0.018	0.012
2012.7239190088	2012	09	21.95435722	2	34	6.411952522083	0 25 38.869	1.953589459028	1 57 12.922	0.11	0.197	0.014	0.271	0.01	0.191
2012.7647825812	2012	10	6.91042471	2	34	5.859705365972	0 23 26.329	1.716989085417	1 43 1.161	0.059	-0.072	0.036	0.022	0.025	0.016
2012.767513078	2012	10	7.90978656	2	34	5.823129034167	0 23 17.551	1.701443576667	1 42 5.197	0.015	0.009	0	0.024	0	0.017
2012.8083703817	2012	10	22.86355972	3	134	5.300193395556	0 21 12.046	1.480332237315	1 28 49.196	-0.026	0.106	0.019	0.196	0.011	0.113
2012.8247509555	2012	10	28.8588497	2	34	5.110436918472	0 20 26.505	1.400890160972	1 24 3.205	0.12	0.042	0.02	0.008	0.014	0.005
2012.868315342	2012	11	13.80341519	2	34	4.689434812917	0 18 45.464	1.227456016667	1 13 38.842	-0.011	-0.019	0.02	0.047	0.014	0.033
2012.9555020078	2012	12	15.71373485	1	3	4.350103843889	0 17 24.025	1.1026181225	1 6 9.425	-0.117	-0.047	0	0	0	0
2012.9609663555	2012	12	17.7136861	1	4	4.354744686667	0 17 25.139	1.106094915556	1 6 21.942	0.027	0.024	0	0	0	0
2012.963686385	2012	12	18.7092169	2	34	4.358207580139	0 17 25.97	1.108323014028	1 6 29.963	-0.033	0.003	0.031	0.031	0.022	0.022
2012.9664084174	2012	12	19.70548076	2	34	4.362495117083	0 17 26.999	1.110902094028	1 6 39.248	0.025	0.013	0.005	0.002	0.003	0.001
2012.9718609444	2012	12	21.70110565	1	4	4.373403798611	0 17 29.617	1.117132437778	1 7 1.677	-0.036	0.186	0	0	0	0
2013.665829616	2013	09	1.02780984	3	234	10.904674941944	0 43 37.122	3.901203444537	3 54 4.332	0.026	-0.064	0.019	0.13	0.011	0.075
2013.6740176873	2013	09	4.01645586	4	1234	10.815132165	0 43 15.632	3.862443758611	3 51 44.798	0.099	-0.056	0.135	0.077	0.068	0.038
2013.6794734771	2013	09	6.00781913	3	234	10.753255084352	0 43 0.781	3.835763494352	3 50 8.749	-0.009	0.021	0.011	0.049	0.006	0.028
2013.6822182052	2013	09	7.00964488	2	34	10.721512464167	0 42 53.163	3.82207536375	3 49 19.471	-0.039	-0.005	0.02	0.043	0.014	0.03
2013.6849484191	2013	09	8.00617296	3	134	10.689579838611	0 42 45.499	3.808337785741	3 48 30.016	0.046	0.096	0.01	0.25	0.006	0.145
2013.6904015979	2013	09	9.99658324	3	234	10.624629264537	0 42 29.911	3.780369786852	3 46 49.331	0.014	-0.005	0.053	0.043	0.031	0.025
2013.6931451224	2013	09	10.99796966	2	34	10.591424111806	0 42 21.942	3.766098656667	3 45 57.955	0.027	-0.014	0.002	0.037	0.001	0.026
2013.7040669647	2013	09	14.98444213	2	34	10.456022282083	0 41 49.445	3.708043343194	3 42 28.956	0.028	0.046	0.015	0.015	0.01	0.011
2013.7068122742	2013	09	15.98648008	3	234	10.42126614213	0 41 41.104	3.693144316574	3 41 35.32	0.086	0.001	0.017	0.04	0.01	0.023
2013.7559765638	2013	10	3.93144578	2	34	9.766787860833	0 39 4.029	3.414696295694	3 24 52.907	0.024	-0.065	0.006	0.013	0.004	0.01
2013.7832929873	2013	10	13.90194036	2	34	9.397692616111	0 37 35.446	3.25913018875	3 15 32.869	-0.023	-0.072	0.044	0.073	0.031	0.052
2013.802417402	2013	10	20.88235174	2	34	9.148075094861	0 36 35.538	3.154562720417	3 9 16.426	-0.028	-0	0.006	0.014	0.004	0.01
2013.8051542517	2013	10	21.88130186	3	234	9.11330807287	0 36 27.194	3.140024031667	3 8 24.087	0.006	-0.051	0.123	0.101	0.071	0.058
2013.8789152796	2013	11	17.80407704	2	34	8.327923734028	0 33 18.702	2.81692065625	2 49 0.914	0.101	-0.035	0.289	0.251	0.204	0.177
2013.9034998809	2013	11	26.77745654	2	34	8.155750783611	0 32 37.38	2.748799186111	2 44 55.677	0.01	0.011	0.022	0.007	0.015	0.005
2013.9116996463	2013	11	29.77037088	3	234	8.110609321944	0 32 26.546	2.731431383148	2 43 53.153	0.097	0.022	0.04	0.049	0.023	0.028
2013.9526794697	2013	12	14.72800644	2	34	7.985302133333	0 31 56.473	2.688120480694	2 41 17.234	0.281	0.069	0.35	0.157	0.248	0.111
2013.9636118719	2013	12	18.71833326	2	34	7.981127676111	0 31 55.471	2.689201379861	2 41 21.125	0.029	0.008	0.011	0	0.008	0
2013.9827377305	2013	12	25.69927162	2	34	8.00426746625	0 32 1.024	2.704139174444	2 42 14.901	0.074	-0.006	0.02	0.038	0.014	0.027